 array([4.00000135e-06, 4.67646000e-02, 9.42938000e-02, 1.42313000e-01,
       1.90663100e-01, 2.38577900e-01, 2.86301400e-01, 3.34265300e-01,
       3.82354500e-01, 4.30280800e-01, 4.78460900e-01, 5.26280000e-01,
       5.74589000e-01, 6.22427500e-01, 6.70690700e-01, 7.18652700e-01,
       7.66365700e-01, 8.14274200e-01, 8.62265600e-01, 9.10516800e-01,
       9.58361100e-01, 1.00626520e+00, 1.05426120e+00, 1.10224730e+00,
       1.15020450e+00, 1.19861210e+00, 1.24632720e+00, 1.29468830e+00,
       1.34223580e+00, 1.39024230e+00, 1.43829130e+00, 1.48625810e+00,
       1.53427430e+00, 1.58218890e+00, 1.63030670e+00, 1.67829340e+00,
       1.72623220e+00, 1.77422290e+00, 1.82225870e+00, 1.87053140e+00,
       1.91830030e+00, 1.96624430e+00]), 'joint_deg': array([[  0.26367188,   0.52734375,   1.49414062,   0.43945312],
       [  0.17578125,   0.52734375,   1.49414062,   0.3515625 ],
       [ -0.08789062,   0.61523438,   1.49414062,   0.43945312],
       [ -0.17578125,   0.61523438,   1.49414062,   0.3515625 ],
       [  0.08789062,   0.61523438,   1.49414062,   0.61523438],
       [  0.52734375,   0.61523438,   1.49414062,   1.0546875 ],
       [  0.96679688,   0.61523438,   1.49414062,   1.7578125 ],
       [  1.40625   ,   0.52734375,   1.58203125,   2.63671875],
       [  1.93359375,   0.17578125,   1.93359375,   3.69140625],
       [  2.8125    ,  -0.3515625 ,   2.4609375 ,   4.83398438],
       [  3.60351562,  -0.96679688,   3.07617188,   6.328125  ],
       [  4.5703125 ,  -1.58203125,   3.69140625,   7.91015625],
       [  5.625     ,  -2.37304688,   4.48242188,   9.75585938],
       [  6.85546875,  -3.1640625 ,   5.18554688,  11.68945312],
       [  8.17382812,  -4.13085938,   6.15234375,  13.88671875],
       [  9.66796875,  -5.09765625,   7.20703125,  16.25976562],
       [ 11.16210938,  -6.06445312,   8.26171875,  18.80859375],
       [ 12.74414062,  -7.11914062,   9.22851562,  21.4453125 ],
       [ 14.50195312,  -8.26171875,  10.37109375,  24.08203125],
       [ 16.08398438,  -9.4921875 ,  11.42578125,  26.89453125],
       [ 17.66601562, -10.546875  ,  12.48046875,  29.44335938],
       [ 19.3359375 , -11.68945312,  13.53515625,  32.25585938],
       [ 21.00585938, -12.74414062,  14.50195312,  34.89257812],
       [ 22.58789062, -13.79882812,  15.64453125,  37.6171875 ],
       [ 24.16992188, -14.94140625,  16.69921875,  40.34179688],
       [ 25.83984375, -15.99609375,  17.75390625,  43.06640625],
       [ 27.421875  , -17.2265625 ,  18.80859375,  45.703125  ],
       [ 29.09179688, -18.28125   ,  19.86328125,  48.42773438],
       [ 30.67382812, -19.42382812,  20.91796875,  51.15234375],
       [ 32.25585938, -20.56640625,  21.97265625,  53.7890625 ],
       [ 33.75      , -21.70898438,  23.11523438,  56.51367188],
       [ 35.33203125, -22.76367188,  24.08203125,  58.97460938],
       [ 36.9140625 , -23.73046875,  25.04882812,  61.34765625],
       [ 38.23242188, -24.78515625,  25.75195312,  63.54492188],
       [ 39.375     , -25.48828125,  26.54296875,  65.65429688],
       [ 40.34179688, -26.19140625,  27.24609375,  67.41210938],
       [ 41.30859375, -26.98242188,  27.94921875,  68.99414062],
       [ 42.09960938, -27.50976562,  28.4765625 ,  70.40039062],
       [ 43.06640625, -28.03710938,  29.00390625,  71.63085938],
       [ 43.85742188, -28.4765625 ,  29.35546875,  72.7734375 ],
       [ 44.20898438, -28.828125  ,  29.70703125,  73.56445312],
       [ 44.38476562, -29.09179688,  29.97070312,  74.1796875 ]]), 'target_deg': array([ 45, -30,  30,  75]), 'traj_time_s': 2.0}  

==================================================

Contents of lab1_data_10s.pkl:
{'timestamps_s': array([3.69999907e-06, 4.68472000e-02, 9.43660000e-02, 1.42296400e-01,
       1.90215500e-01, 2.38192000e-01, 2.86215400e-01, 3.34324100e-01,
       3.82245800e-01, 4.30245600e-01, 4.78491000e-01, 5.26241300e-01,
       5.74226000e-01, 6.22281700e-01, 6.70223100e-01, 7.18221500e-01,
       7.66201700e-01, 8.14236000e-01, 8.62300000e-01, 9.10402000e-01,
       9.58357100e-01, 1.00624470e+00, 1.05419980e+00, 1.10223260e+00,
       1.15030680e+00, 1.19826590e+00, 1.24623920e+00, 1.29414410e+00,
       1.34217980e+00, 1.39017660e+00, 1.43830560e+00, 1.48646790e+00,
       1.53446520e+00, 1.58222260e+00, 1.63014690e+00, 1.67820520e+00,
       1.72625150e+00, 1.77420230e+00, 1.82220850e+00, 1.87022390e+00,
       1.91828590e+00, 1.96618300e+00, 2.01421020e+00, 2.06217850e+00,
       2.11015540e+00, 2.15825890e+00, 2.20614950e+00, 2.25420970e+00,
       2.30224060e+00, 2.35011700e+00, 2.39833950e+00, 2.44618170e+00,
       2.49422990e+00, 2.54214530e+00, 2.59017260e+00, 2.63821060e+00,
       2.68616990e+00, 2.73418750e+00, 2.78223210e+00, 2.83010440e+00,
       2.87829260e+00, 2.92615350e+00, 2.97417380e+00, 3.02221000e+00,
       3.07013410e+00, 3.11815230e+00, 3.16610570e+00, 3.21418570e+00,
       3.26214450e+00, 3.31009500e+00, 3.35824240e+00, 3.40613160e+00,
       3.45417320e+00, 3.50219500e+00, 3.55046660e+00, 3.59814260e+00,
       3.64611420e+00, 3.69413180e+00, 3.74217790e+00, 3.79009840e+00,
       3.83821350e+00, 3.88610300e+00, 3.93414690e+00, 3.98206940e+00,
       4.03012080e+00, 4.07809230e+00, 4.12609670e+00, 4.17421370e+00,
       4.22214870e+00, 4.27013600e+00, 4.31831690e+00, 4.36616990e+00,
       4.41419170e+00, 4.46204900e+00, 4.51016410e+00, 4.55808480e+00,
       4.60605510e+00, 4.65410680e+00, 4.70205840e+00, 4.75008840e+00,
       4.79818240e+00, 4.84608120e+00, 4.89408210e+00, 4.94206620e+00,
       4.99007230e+00, 5.03809670e+00, 5.08609300e+00, 5.13411200e+00,
       5.18206140e+00, 5.23005880e+00, 5.27823000e+00, 5.32610160e+00,
       5.37411870e+00, 5.42203710e+00, 5.47010210e+00, 5.51807610e+00,
       5.56608720e+00, 5.61402570e+00, 5.66209740e+00, 5.71005340e+00,
       5.75810400e+00, 5.80607120e+00, 5.85406700e+00, 5.90203180e+00,
       5.95017720e+00, 5.99808050e+00, 6.04609900e+00, 6.09403710e+00,
       6.14200160e+00, 6.19005050e+00, 6.23810700e+00, 6.28608080e+00,
       6.33402430e+00, 6.38199480e+00, 6.43008260e+00, 6.47799420e+00,
       6.52607210e+00, 6.57402830e+00, 6.62198540e+00, 6.67002580e+00,
       6.71811150e+00, 6.76603380e+00, 6.81401110e+00, 6.86202780e+00,
       6.91008100e+00, 6.95804500e+00, 7.00601300e+00, 7.05407070e+00,
       7.10214400e+00, 7.15004080e+00, 7.19810200e+00, 7.24600340e+00,
       7.29398140e+00, 7.34201600e+00, 7.38997560e+00, 7.43794300e+00,
       7.48604420e+00, 7.53405850e+00, 7.58203170e+00, 7.62999200e+00,
       7.67803630e+00, 7.72598960e+00, 7.77397250e+00, 7.82208620e+00,
       7.86998380e+00, 7.91846070e+00, 7.96597110e+00, 8.01396490e+00,
       8.06203760e+00, 8.10998670e+00, 8.15806080e+00, 8.20602600e+00,
       8.25398490e+00, 8.30200490e+00, 8.34993270e+00, 8.39801700e+00,
       8.44601330e+00, 8.49404240e+00, 8.54198570e+00, 8.59012630e+00,
       8.63822410e+00, 8.68603090e+00, 8.73394060e+00, 8.78194610e+00,
       8.82989980e+00, 8.87797210e+00, 8.92595940e+00, 8.97388920e+00,
       9.02195830e+00, 9.06988400e+00, 9.11806170e+00, 9.16599080e+00,
       9.21398110e+00, 9.26191910e+00, 9.30989080e+00, 9.35793440e+00,
       9.40590670e+00, 9.45387870e+00, 9.50192710e+00, 9.54988380e+00,
       9.59798170e+00, 9.64601870e+00, 9.69394540e+00, 9.74199480e+00,
       9.78987130e+00, 9.83793110e+00, 9.88599620e+00, 9.93399760e+00,
       9.98190280e+00]), 'joint_deg': array([[ -0.08789062,   0.3515625 ,   1.58203125,   0.43945312],
       [  0.        ,   0.3515625 ,   1.58203125,   0.43945312],
       [ -0.08789062,   0.43945312,   1.58203125,   0.43945312],
       [ -0.08789062,   0.43945312,   1.58203125,   0.43945312],
       [ -0.08789062,   0.43945312,   1.58203125,   0.43945312],
       [ -0.08789062,   0.43945312,   1.49414062,   0.43945312],
       [ -0.08789062,   0.43945312,   1.40625   ,   0.43945312],
       [ -0.08789062,   0.43945312,   1.40625   ,   0.43945312],
       [ -0.08789062,   0.43945312,   1.40625   ,   0.43945312],
       [ -0.08789062,   0.43945312,   1.40625   ,   0.43945312],
       [ -0.08789062,   0.43945312,   1.40625   ,   0.43945312],
       [ -0.08789062,   0.43945312,   1.40625   ,   0.43945312],
       [ -0.08789062,   0.3515625 ,   1.40625   ,   0.43945312],
       [ -0.08789062,   0.43945312,   1.40625   ,   0.52734375],
       [ -0.08789062,   0.43945312,   1.40625   ,   0.61523438],
       [  0.        ,   0.43945312,   1.40625   ,   0.703125  ],
       [  0.        ,   0.43945312,   1.40625   ,   0.79101562],
       [  0.        ,   0.3515625 ,   1.40625   ,   0.87890625],
       [  0.08789062,   0.43945312,   1.40625   ,   0.96679688],
       [  0.17578125,   0.43945312,   1.40625   ,   1.14257812],
       [  0.26367188,   0.43945312,   1.40625   ,   1.23046875],
       [  0.26367188,   0.43945312,   1.40625   ,   1.40625   ],
       [  0.3515625 ,   0.43945312,   1.40625   ,   1.49414062],
       [  0.43945312,   0.43945312,   1.40625   ,   1.58203125],
       [  0.52734375,   0.43945312,   1.40625   ,   1.66992188],
       [  0.61523438,   0.43945312,   1.40625   ,   1.84570312],
       [  0.703125  ,   0.43945312,   1.40625   ,   2.02148438],
       [  0.79101562,   0.3515625 ,   1.40625   ,   2.19726562],
       [  0.87890625,   0.3515625 ,   1.40625   ,   2.37304688],
       [  0.96679688,   0.43945312,   1.40625   ,   2.63671875],
       [  1.0546875 ,   0.43945312,   1.40625   ,   2.72460938],
       [  1.23046875,   0.43945312,   1.40625   ,   2.98828125],
       [  1.31835938,   0.43945312,   1.40625   ,   3.1640625 ],
       [  1.40625   ,   0.43945312,   1.40625   ,   3.42773438],
       [  1.58203125,   0.43945312,   1.40625   ,   3.69140625],
       [  1.66992188,   0.3515625 ,   1.40625   ,   3.95507812],
       [  1.84570312,   0.43945312,   1.40625   ,   4.21875   ],
       [  1.93359375,   0.3515625 ,   1.40625   ,   4.48242188],
       [  2.109375  ,   0.17578125,   1.40625   ,   4.65820312],
       [  2.28515625,   0.08789062,   1.40625   ,   4.921875  ],
       [  2.37304688,  -0.08789062,   1.40625   ,   5.2734375 ],
       [  2.54882812,  -0.26367188,   1.49414062,   5.53710938],
       [  2.72460938,  -0.26367188,   1.66992188,   5.88867188],
       [  2.8125    ,  -0.26367188,   1.7578125 ,   6.15234375],
       [  2.98828125,  -0.3515625 ,   1.93359375,   6.50390625],
       [  3.1640625 ,  -0.43945312,   2.02148438,   6.76757812],
       [  3.42773438,  -0.52734375,   2.02148438,   7.11914062],
       [  3.515625  ,  -0.79101562,   2.19726562,   7.47070312],
       [  3.69140625,  -0.96679688,   2.37304688,   7.734375  ],
       [  3.95507812,  -1.0546875 ,   2.4609375 ,   8.17382812],
       [  4.21875   ,  -1.23046875,   2.54882812,   8.52539062],
       [  4.39453125,  -1.40625   ,   2.72460938,   8.87695312],
       [  4.5703125 ,  -1.49414062,   2.90039062,   9.22851562],
       [  4.83398438,  -1.66992188,   2.98828125,   9.58007812],
       [  5.00976562,  -1.84570312,   3.07617188,  10.01953125],
       [  5.18554688,  -2.109375  ,   3.33984375,  10.37109375],
       [  5.44921875,  -2.28515625,   3.42773438,  10.81054688],
       [  5.71289062,  -2.28515625,   3.515625  ,  11.25      ],
       [  5.9765625 ,  -2.37304688,   3.77929688,  11.51367188],
       [  6.15234375,  -2.54882812,   3.95507812,  12.04101562],
       [  6.41601562,  -2.8125    ,   4.13085938,  12.48046875],
       [  6.6796875 ,  -2.98828125,   4.21875   ,  12.83203125],
       [  6.94335938,  -3.25195312,   4.39453125,  13.359375  ],
       [  7.20703125,  -3.25195312,   4.5703125 ,  13.79882812],
       [  7.47070312,  -3.42773438,   4.74609375,  14.23828125],
       [  7.734375  ,  -3.515625  ,   4.921875  ,  14.765625  ],
       [  7.99804688,  -3.8671875 ,   5.18554688,  15.20507812],
       [  8.34960938,  -4.21875   ,   5.36132812,  15.73242188],
       [  8.70117188,  -4.39453125,   5.53710938,  16.171875  ],
       [  9.05273438,  -4.65820312,   5.71289062,  16.69921875],
       [  9.31640625,  -4.74609375,   5.88867188,  17.13867188],
       [  9.58007812,  -4.83398438,   6.15234375,  17.66601562],
       [  9.84375   ,  -5.00976562,   6.41601562,  18.28125   ],
       [ 10.28320312,  -5.2734375 ,   6.59179688,  18.72070312],
       [ 10.546875  ,  -5.625     ,   6.76757812,  19.24804688],
       [ 10.8984375 ,  -5.71289062,   6.85546875,  19.86328125],
       [ 11.16210938,  -5.9765625 ,   7.20703125,  20.390625  ],
       [ 11.51367188,  -6.15234375,   7.47070312,  20.83007812],
       [ 11.77734375,  -6.41601562,   7.64648438,  21.4453125 ],
       [ 12.12890625,  -6.6796875 ,   7.82226562,  21.97265625],
       [ 12.39257812,  -7.03125   ,   8.0859375 ,  22.5       ],
       [ 12.74414062,  -7.20703125,   8.26171875,  23.02734375],
       [ 13.0078125 ,  -7.47070312,   8.52539062,  23.5546875 ],
       [ 13.359375  ,  -7.64648438,   8.70117188,  24.08203125],
       [ 13.62304688,  -7.82226562,   8.87695312,  24.609375  ],
       [ 13.97460938,  -7.99804688,   9.140625  ,  25.13671875],
       [ 14.32617188,  -8.26171875,   9.31640625,  25.75195312],
       [ 14.67773438,  -8.52539062,   9.4921875 ,  26.27929688],
       [ 14.94140625,  -8.7890625 ,   9.75585938,  26.80664062],
       [ 15.38085938,  -9.05273438,   9.93164062,  27.33398438],
       [ 15.55664062,  -9.31640625,  10.10742188,  27.86132812],
       [ 15.99609375,  -9.4921875 ,  10.28320312,  28.38867188],
       [ 16.25976562,  -9.66796875,  10.546875  ,  28.91601562],
       [ 16.5234375 ,  -9.84375   ,  10.81054688,  29.44335938],
       [ 16.875     , -10.10742188,  10.98632812,  29.97070312],
       [ 17.2265625 , -10.28320312,  11.25      ,  30.49804688],
       [ 17.49023438, -10.45898438,  11.51367188,  31.11328125],
       [ 17.84179688, -10.63476562,  11.68945312,  31.640625  ],
       [ 18.19335938, -10.8984375 ,  11.77734375,  32.16796875],
       [ 18.45703125, -11.16210938,  12.04101562,  32.6953125 ],
       [ 18.80859375, -11.42578125,  12.3046875 ,  33.22265625],
       [ 19.07226562, -11.6015625 ,  12.48046875,  33.75      ],
       [ 19.3359375 , -11.86523438,  12.74414062,  34.27734375],
       [ 19.77539062, -12.12890625,  12.91992188,  34.8046875 ],
       [ 20.12695312, -12.3046875 ,  13.09570312,  35.33203125],
       [ 20.47851562, -12.48046875,  13.359375  ,  35.94726562],
       [ 20.7421875 , -12.65625   ,  13.62304688,  36.47460938],
       [ 21.09375   , -12.83203125,  13.88671875,  37.00195312],
       [ 21.35742188, -13.0078125 ,  14.0625    ,  37.52929688],
       [ 21.70898438, -13.27148438,  14.15039062,  38.14453125],
       [ 21.97265625, -13.53515625,  14.32617188,  38.58398438],
       [ 22.32421875, -13.79882812,  14.58984375,  39.19921875],
       [ 22.58789062, -14.0625    ,  14.85351562,  39.7265625 ],
       [ 22.93945312, -14.32617188,  15.02929688,  40.16601562],
       [ 23.203125  , -14.50195312,  15.29296875,  40.69335938],
       [ 23.5546875 , -14.67773438,  15.46875   ,  41.22070312],
       [ 23.81835938, -14.85351562,  15.73242188,  41.8359375 ],
       [ 24.16992188, -15.1171875 ,  15.90820312,  42.45117188],
       [ 24.52148438, -15.38085938,  16.08398438,  42.890625  ],
       [ 24.78515625, -15.55664062,  16.34765625,  43.41796875],
       [ 25.13671875, -15.8203125 ,  16.5234375 ,  44.03320312],
       [ 25.57617188, -16.08398438,  16.69921875,  44.47265625],
       [ 25.83984375, -16.34765625,  16.875     ,  45.        ],
       [ 26.10351562, -16.5234375 ,  17.13867188,  45.52734375],
       [ 26.45507812, -16.78710938,  17.31445312,  46.14257812],
       [ 26.80664062, -16.96289062,  17.49023438,  46.66992188],
       [ 27.0703125 , -17.2265625 ,  17.75390625,  47.109375  ],
       [ 27.421875  , -17.40234375,  17.9296875 ,  47.63671875],
       [ 27.68554688, -17.578125  ,  18.19335938,  48.25195312],
       [ 28.03710938, -17.84179688,  18.36914062,  48.77929688],
       [ 28.30078125, -18.01757812,  18.6328125 ,  49.39453125],
       [ 28.65234375, -18.28125   ,  18.80859375,  49.83398438],
       [ 29.00390625, -18.45703125,  18.984375  ,  50.36132812],
       [ 29.26757812, -18.80859375,  19.16015625,  50.9765625 ],
       [ 29.61914062, -18.984375  ,  19.42382812,  51.41601562],
       [ 29.8828125 , -19.24804688,  19.59960938,  51.94335938],
       [ 30.234375  , -19.42382812,  19.86328125,  52.47070312],
       [ 30.5859375 , -19.59960938,  20.12695312,  52.99804688],
       [ 30.84960938, -19.86328125,  20.390625  ,  53.61328125],
       [ 31.20117188, -20.0390625 ,  20.56640625,  54.22851562],
       [ 31.46484375, -20.30273438,  20.83007812,  54.75585938],
       [ 31.81640625, -20.56640625,  20.91796875,  55.1953125 ],
       [ 32.08007812, -20.7421875 ,  21.18164062,  55.72265625],
       [ 32.43164062, -21.00585938,  21.35742188,  56.25      ],
       [ 32.6953125 , -21.26953125,  21.53320312,  56.77734375],
       [ 33.046875  , -21.53320312,  21.796875  ,  57.3046875 ],
       [ 33.31054688, -21.70898438,  21.97265625,  57.83203125],
       [ 33.66210938, -21.88476562,  22.23632812,  58.359375  ],
       [ 34.01367188, -22.06054688,  22.41210938,  58.79882812],
       [ 34.27734375, -22.32421875,  22.67578125,  59.32617188],
       [ 34.54101562, -22.5       ,  22.8515625 ,  59.85351562],
       [ 34.89257812, -22.76367188,  23.11523438,  60.29296875],
       [ 35.15625   , -22.93945312,  23.37890625,  60.8203125 ],
       [ 35.5078125 , -23.203125  ,  23.5546875 ,  61.25976562],
       [ 35.77148438, -23.37890625,  23.73046875,  61.69921875],
       [ 36.03515625, -23.64257812,  23.90625   ,  62.13867188],
       [ 36.29882812, -23.81835938,  24.08203125,  62.578125  ],
       [ 36.65039062, -23.99414062,  24.2578125 ,  63.01757812],
       [ 36.9140625 , -24.16992188,  24.52148438,  63.45703125],
       [ 37.17773438, -24.34570312,  24.609375  ,  63.80859375],
       [ 37.44140625, -24.52148438,  24.78515625,  64.16015625],
       [ 37.70507812, -24.69726562,  25.04882812,  64.59960938],
       [ 37.96875   , -24.78515625,  25.22460938,  65.12695312],
       [ 38.14453125, -24.9609375 ,  25.3125    ,  65.47851562],
       [ 38.40820312, -25.22460938,  25.48828125,  65.83007812],
       [ 38.671875  , -25.3125    ,  25.6640625 ,  66.26953125],
       [ 38.84765625, -25.48828125,  25.83984375,  66.53320312],
       [ 39.11132812, -25.6640625 ,  25.92773438,  66.97265625],
       [ 39.375     , -25.83984375,  26.10351562,  67.23632812],
       [ 39.55078125, -25.92773438,  26.27929688,  67.58789062],
       [ 39.81445312, -26.10351562,  26.45507812,  67.93945312],
       [ 39.99023438, -26.27929688,  26.54296875,  68.203125  ],
       [ 40.16601562, -26.45507812,  26.63085938,  68.5546875 ],
       [ 40.4296875 , -26.54296875,  26.89453125,  68.81835938],
       [ 40.60546875, -26.63085938,  26.98242188,  69.2578125 ],
       [ 40.86914062, -26.80664062,  27.0703125 ,  69.52148438],
       [ 41.04492188, -26.89453125,  27.24609375,  69.78515625],
       [ 41.30859375, -26.98242188,  27.421875  ,  70.04882812],
       [ 41.39648438, -27.0703125 ,  27.59765625,  70.3125    ],
       [ 41.57226562, -27.24609375,  27.7734375 ,  70.57617188],
       [ 41.74804688, -27.33398438,  27.86132812,  70.83984375],
       [ 41.92382812, -27.50976562,  27.94921875,  71.10351562],
       [ 42.01171875, -27.59765625,  28.125     ,  71.3671875 ],
       [ 42.27539062, -27.7734375 ,  28.21289062,  71.54296875],
       [ 42.36328125, -27.7734375 ,  28.30078125,  71.89453125],
       [ 42.5390625 , -27.86132812,  28.38867188,  72.0703125 ],
       [ 42.62695312, -28.03710938,  28.4765625 ,  72.24609375],
       [ 42.80273438, -28.21289062,  28.56445312,  72.421875  ],
       [ 42.97851562, -28.30078125,  28.65234375,  72.68554688],
       [ 43.06640625, -28.30078125,  28.74023438,  72.7734375 ],
       [ 43.15429688, -28.38867188,  28.91601562,  72.94921875],
       [ 43.2421875 , -28.4765625 ,  28.91601562,  73.125     ],
       [ 43.41796875, -28.56445312,  29.09179688,  73.30078125],
       [ 43.50585938, -28.74023438,  29.1796875 ,  73.38867188],
       [ 43.76953125, -28.74023438,  29.1796875 ,  73.56445312],
       [ 43.76953125, -28.74023438,  29.26757812,  73.74023438],
       [ 43.9453125 , -28.828125  ,  29.35546875,  73.828125  ],
       [ 44.03320312, -28.828125  ,  29.44335938,  73.91601562],
       [ 44.03320312, -28.91601562,  29.53125   ,  74.09179688],
       [ 44.12109375, -28.91601562,  29.61914062,  74.1796875 ],
       [ 44.296875  , -29.09179688,  29.61914062,  74.26757812],
       [ 44.296875  , -29.09179688,  29.70703125,  74.35546875],
       [ 44.38476562, -29.1796875 ,  29.79492188,  74.44335938],
       [ 44.47265625, -29.1796875 ,  29.8828125 ,  74.53125   ],
       [ 44.56054688, -29.26757812,  29.97070312,  74.61914062],
       [ 44.47265625, -29.1796875 ,  30.05859375,  74.61914062],
       [ 44.6484375 , -29.26757812,  30.05859375,  74.70703125],
       [ 44.6484375 , -29.26757812,  30.05859375,  74.70703125],
       [ 44.6484375 , -29.35546875,  30.05859375,  74.79492188]]), 'target_deg': array([ 45, -30,  30,  75]), 'traj_time_s': 10.0} 